[   {   'geometry': {   'coordinates': [   [   (   -119.58860220499992,
                                                   49.846523104000084),
                                               (   -119.5887865819999,
                                                   49.84514601500007),
                                               (   -119.58871559499995,
                                                   49.843581604000065),
                                               (   -119.58865753799991,
                                                   49.84016041000007),
                                               (   -119.58866350999996,
                                                   49.83907284800006),
                                               (   -119.58862339199992,
                                                   49.835069082000075),
                                               (   -119.58876168199993,
                                                   49.83107536000006),
                                               (   -119.5891366699999,
                                                   49.83304987200006),
                                               (   -119.5892014079999,
                                                   49.833051036000086),
                                               (   -119.58923972199995,
                                                   49.83486500900006),
                                               (   -119.58990359899991,
                                                   49.83502763800004),
                                               (   -119.59167631599992,
                                                   49.83535080100006),
                                               (   -119.59235958999994,
                                                   49.835404897000046),
                                               (   -119.5923624319999,
                                                   49.835405121000065),
                                               (   -119.59278022899993,
                                                   49.835277320000046),
                                               (   -119.59292101699992,
                                                   49.83523425100009),
                                               (   -119.59293464699995,
                                                   49.835256412000035),
                                               (   -119.59295843899991,
                                                   49.83529512600007),
                                               (   -119.59459172899996,
                                                   49.835794658000054),
                                               (   -119.59465276299994,
                                                   49.83581331100004),
                                               (   -119.59513986399992,
                                                   49.83604145700008),
                                               (   -119.59597768499991,
                                                   49.83534119800004),
                                               (   -119.5962996529999,
                                                   49.83488605000008),
                                               (   -119.5964709939999,
                                                   49.83448979100007),
                                               (   -119.59651045799991,
                                                   49.833959374000074),
                                               (   -119.59648714299995,
                                                   49.833870313000034),
                                               (   -119.59638777299995,
                                                   49.833490752000046),
                                               (   -119.59616067799993,
                                                   49.83309006600007),
                                               (   -119.59583722299993,
                                                   49.83275958000007),
                                               (   -119.59516369199993,
                                                   49.83226855400005),
                                               (   -119.59508471599992,
                                                   49.83213008700005),
                                               (   -119.59493185199993,
                                                   49.831862167000054),
                                               (   -119.59464976899993,
                                                   49.831376058000046),
                                               (   -119.59514817099989,
                                                   49.83121482200006),
                                               (   -119.59553119599991,
                                                   49.830960994000066),
                                               (   -119.59579602499991,
                                                   49.83075571400008),
                                               (   -119.59580516799991,
                                                   49.830748638000046),
                                               (   -119.59588334499995,
                                                   49.83062817200005),
                                               (   -119.59592084299993,
                                                   49.83057033600005),
                                               (   -119.59639962499993,
                                                   49.83073836500006),
                                               (   -119.59720780499993,
                                                   49.83102508500008),
                                               (   -119.5974402139999,
                                                   49.83117869000006),
                                               (   -119.59766627799992,
                                                   49.83141770000009),
                                               (   -119.59800086399991,
                                                   49.83160888200007),
                                               (   -119.59837027699992,
                                                   49.831960138000056),
                                               (   -119.59861057199993,
                                                   49.83204541400005),
                                               (   -119.59912926099992,
                                                   49.83222950000004),
                                               (   -119.60024660599993,
                                                   49.83353260600006),
                                               (   -119.60167658099994,
                                                   49.834696731000065),
                                               (   -119.60190372599993,
                                                   49.83522923600003),
                                               (   -119.60189861399994,
                                                   49.835470946000044),
                                               (   -119.60192869899993,
                                                   49.837600302000055),
                                               (   -119.60194939399993,
                                                   49.839063982000084),
                                               (   -119.60194852799992,
                                                   49.83946845500009),
                                               (   -119.6011828629999,
                                                   49.84164655400008),
                                               (   -119.60102783099988,
                                                   49.841976060000036),
                                               (   -119.60089937499993,
                                                   49.842152025000075),
                                               (   -119.60073077399994,
                                                   49.84238301600004),
                                               (   -119.59990865499992,
                                                   49.843120346000035),
                                               (   -119.59849178999991,
                                                   49.84448643400003),
                                               (   -119.59839246299993,
                                                   49.84459326000007),
                                               (   -119.5980230699999,
                                                   49.844990549000045),
                                               (   -119.5978556959999,
                                                   49.845170554000056),
                                               (   -119.5974866529999,
                                                   49.84578186200008),
                                               (   -119.59710598999993,
                                                   49.84666515300006),
                                               (   -119.59688711899992,
                                                   49.847060327000065),
                                               (   -119.59681440599991,
                                                   49.84719159800005),
                                               (   -119.59665469399995,
                                                   49.84763368300009),
                                               (   -119.59629119999995,
                                                   49.84833470800004),
                                               (   -119.59610100299994,
                                                   49.84852669900005),
                                               (   -119.59605450599993,
                                                   49.84865939700006),
                                               (   -119.59495172999995,
                                                   49.84988862400008),
                                               (   -119.59503933799994,
                                                   49.85067465800006),
                                               (   -119.59629419999993,
                                                   49.851779683000075),
                                               (   -119.59713630899988,
                                                   49.85254219500007),
                                               (   -119.59693436099991,
                                                   49.852942477000056),
                                               (   -119.59651281099991,
                                                   49.85377812100006),
                                               (   -119.59630513899992,
                                                   49.85418976200003),
                                               (   -119.59627579199991,
                                                   49.85424789800004),
                                               (   -119.59587921099988,
                                                   49.85490640200004),
                                               (   -119.59572689299989,
                                                   49.85504640800008),
                                               (   -119.59556019299991,
                                                   49.855139601000076),
                                               (   -119.59513848399992,
                                                   49.85525725600007),
                                               (   -119.5949427249999,
                                                   49.85531189100004),
                                               (   -119.59424033099994,
                                                   49.855820573000074),
                                               (   -119.5944402049999,
                                                   49.85590249900008),
                                               (   -119.59472881099992,
                                                   49.85602078800009),
                                               (   -119.59508092399994,
                                                   49.85616734300004),
                                               (   -119.5951733469999,
                                                   49.85620577800007),
                                               (   -119.59485056599995,
                                                   49.85651641100009),
                                               (   -119.59464285099995,
                                                   49.856718329000046),
                                               (   -119.59392939899993,
                                                   49.85674412900005),
                                               (   -119.59123583599991,
                                                   49.85684149500008),
                                               (   -119.5892639349999,
                                                   49.85691271400004),
                                               (   -119.58908012699992,
                                                   49.85624679400007),
                                               (   -119.58908452599991,
                                                   49.856004822000045),
                                               (   -119.58909955499992,
                                                   49.85517658100008),
                                               (   -119.58910434399989,
                                                   49.85515521000008),
                                               (   -119.58914295899991,
                                                   49.853414171000054),
                                               (   -119.58860220499992,
                                                   49.846523104000084)]],
                        'type': 'Polygon'},
        'id': '0',
        'properties': OrderedDict([(u'DAUID', u'59350368'), (u'CDUID', u'5935'), (u'CDNAME', u'Central Okanagan'), (u'CDTYPE', u'RD'), (u'CSDUID', u'5935802'), (u'CSDNAME', u'Tsinstikeptum  9'), (u'CSDTYPE', u'IRI'), (u'CCSUID', u'5935020'), (u'CCSNAME', u'Central Okanagan J'), (u'ERUID', u'5930'), (u'ERNAME', u'Thompson--Okanagan'), (u'CMAPUID', u'59915'), (u'CMAUID', u'915'), (u'CMANAME', u'Kelowna'), (u'CMATYPE', u'B'), (u'SACCODE', u'915'), (u'SACTYPE', u'1'), (u'CTUID', u'9150102.04'), (u'CTNAME', u'0102.04'), (u'PRUID', u'59'), (u'PRNAME', u'British Columbia / Colombie-Britannique')]),
        'type': 'Feature'},
    {   'geometry': {   'coordinates': [   [   (   -119.58876168199993,
                                                   49.83107536000006),
                                               (   -119.58901718999995,
                                                   49.831109678000075),
                                               (   -119.58941904799993,
                                                   49.83116366600007),
                                               (   -119.59091326999992,
                                                   49.831368713000074),
                                               (   -119.59134850099991,
                                                   49.83142844700007),
                                               (   -119.5918120639999,
                                                   49.831492065000084),
                                               (   -119.59320166299996,
                                                   49.83150323700005),
                                               (   -119.59378899899991,
                                                   49.83150431100006),
                                               (   -119.59408740199989,
                                                   49.83150559400008),
                                               (   -119.59464976899993,
                                                   49.831376058000046),
                                               (   -119.59493185199993,
                                                   49.831862167000054),
                                               (   -119.59508471599992,
                                                   49.83213008700005),
                                               (   -119.59516369199993,
                                                   49.83226855400005),
                                               (   -119.59583722299993,
                                                   49.83275958000007),
                                               (   -119.59616067799993,
                                                   49.83309006600007),
                                               (   -119.59638777299995,
                                                   49.833490752000046),
                                               (   -119.59648714299995,
                                                   49.833870313000034),
                                               (   -119.59651045799991,
                                                   49.833959374000074),
                                               (   -119.5964709939999,
                                                   49.83448979100007),
                                               (   -119.5962996529999,
                                                   49.83488605000008),
                                               (   -119.59597768499991,
                                                   49.83534119800004),
                                               (   -119.59513986399992,
                                                   49.83604145700008),
                                               (   -119.59465276299994,
                                                   49.83581331100004),
                                               (   -119.59459172899996,
                                                   49.835794658000054),
                                               (   -119.59295843899991,
                                                   49.83529512600007),
                                               (   -119.59293464699995,
                                                   49.835256412000035),
                                               (   -119.59292101699992,
                                                   49.83523425100009),
                                               (   -119.59278022899993,
                                                   49.835277320000046),
                                               (   -119.5923624319999,
                                                   49.835405121000065),
                                               (   -119.59235958999994,
                                                   49.835404897000046),
                                               (   -119.59167631599992,
                                                   49.83535080100006),
                                               (   -119.58990359899991,
                                                   49.83502763800004),
                                               (   -119.58923972199995,
                                                   49.83486500900006),
                                               (   -119.5892014079999,
                                                   49.833051036000086),
                                               (   -119.5891366699999,
                                                   49.83304987200006),
                                               (   -119.58876168199993,
                                                   49.83107536000006)]],
                        'type': 'Polygon'},
        'id': '1',
        'properties': OrderedDict([(u'DAUID', u'59350363'), (u'CDUID', u'5935'), (u'CDNAME', u'Central Okanagan'), (u'CDTYPE', u'RD'), (u'CSDUID', u'5935802'), (u'CSDNAME', u'Tsinstikeptum  9'), (u'CSDTYPE', u'IRI'), (u'CCSUID', u'5935020'), (u'CCSNAME', u'Central Okanagan J'), (u'ERUID', u'5930'), (u'ERNAME', u'Thompson--Okanagan'), (u'CMAPUID', u'59915'), (u'CMAUID', u'915'), (u'CMANAME', u'Kelowna'), (u'CMATYPE', u'B'), (u'SACCODE', u'915'), (u'SACTYPE', u'1'), (u'CTUID', u'9150102.04'), (u'CTNAME', u'0102.04'), (u'PRUID', u'59'), (u'PRNAME', u'British Columbia / Colombie-Britannique')]),
        'type': 'Feature'},
    {   'geometry': {   'coordinates': [   [   (   -119.61059163499993,
                                                   49.84003535600005),
                                               (   -119.61518106499994,
                                                   49.836655319000045),
                                               (   -119.61567579999992,
                                                   49.83629059300006),
                                               (   -119.61579265499988,
                                                   49.83620352400004),
                                               (   -119.61612286699994,
                                                   49.83595738100007),
                                               (   -119.61970168599993,
                                                   49.83331192700007),
                                               (   -119.61983019599991,
                                                   49.833216898000046),
                                               (   -119.62050328899996,
                                                   49.832719316000066),
                                               (   -119.62055111699993,
                                                   49.832683650000035),
                                               (   -119.62106659299992,
                                                   49.832299452000086),
                                               (   -119.6215243339999,
                                                   49.83195828300006),
                                               (   -119.62267118499996,
                                                   49.83110340800005),
                                               (   -119.62354074299994,
                                                   49.83043011500007),
                                               (   -119.62366587399991,
                                                   49.83033322500006),
                                               (   -119.62383326599992,
                                                   49.83020362400004),
                                               (   -119.6242010979999,
                                                   49.82991881300006),
                                               (   -119.62474488999993,
                                                   49.829721317000065),
                                               (   -119.62539400799996,
                                                   49.82961930600004),
                                               (   -119.62539369799991,
                                                   49.83001647400005),
                                               (   -119.62539330299991,
                                                   49.83050411500005),
                                               (   -119.6242154069999,
                                                   49.83051648600008),
                                               (   -119.62445706599992,
                                                   49.831322912000076),
                                               (   -119.6253942919999,
                                                   49.83138719200008),
                                               (   -119.6254156129999,
                                                   49.83223439600005),
                                               (   -119.62541769799994,
                                                   49.83336236200007),
                                               (   -119.6254206999999,
                                                   49.834997602000044),
                                               (   -119.62542257699995,
                                                   49.83528740400004),
                                               (   -119.62543248999994,
                                                   49.83681317500009),
                                               (   -119.6254357909999,
                                                   49.837172441000064),
                                               (   -119.6252954329999,
                                                   49.83722501800008),
                                               (   -119.62497261899993,
                                                   49.83735421400007),
                                               (   -119.62469850299993,
                                                   49.837456692000046),
                                               (   -119.62415852699992,
                                                   49.83762847300005),
                                               (   -119.62365414999994,
                                                   49.837726957000086),
                                               (   -119.62337548199991,
                                                   49.837782949000086),
                                               (   -119.62330240099992,
                                                   49.837760066000044),
                                               (   -119.6230260929999,
                                                   49.837648922000085),
                                               (   -119.62286565199992,
                                                   49.837663649000035),
                                               (   -119.62231384999991,
                                                   49.837726785000086),
                                               (   -119.62217334999993,
                                                   49.83775343800005),
                                               (   -119.62193742799991,
                                                   49.83778188800005),
                                               (   -119.62156296599993,
                                                   49.837828552000076),
                                               (   -119.62107646399994,
                                                   49.83788469400008),
                                               (   -119.62096395299993,
                                                   49.837891815000035),
                                               (   -119.6206080309999,
                                                   49.83782315800005),
                                               (   -119.62016699399993,
                                                   49.83774101700004),
                                               (   -119.61986192299992,
                                                   49.83768642200005),
                                               (   -119.61983461499993,
                                                   49.83768305700005),
                                               (   -119.61984757499994,
                                                   49.837937009000086),
                                               (   -119.61984493499996,
                                                   49.83849901900004),
                                               (   -119.61987674599992,
                                                   49.839133325000034),
                                               (   -119.61997887399991,
                                                   49.83962771700004),
                                               (   -119.6201805359999,
                                                   49.84001265100005),
                                               (   -119.62026189699993,
                                                   49.84016323600008),
                                               (   -119.62107691199992,
                                                   49.84103252400008),
                                               (   -119.62118947399996,
                                                   49.841066193000074),
                                               (   -119.62128195799993,
                                                   49.841053542000054),
                                               (   -119.62178995499995,
                                                   49.84089362600008),
                                               (   -119.6220680969999,
                                                   49.84127014200004),
                                               (   -119.62281411499993,
                                                   49.84157467300008),
                                               (   -119.62396421599993,
                                                   49.84066405400006),
                                               (   -119.62326371099994,
                                                   49.84000371800005),
                                               (   -119.62293980999993,
                                                   49.839704898000036),
                                               (   -119.62265656799993,
                                                   49.83931454200007),
                                               (   -119.6235195679999,
                                                   49.83893618800005),
                                               (   -119.62427430399993,
                                                   49.838609699000074),
                                               (   -119.62486301699994,
                                                   49.83827229000008),
                                               (   -119.62544290099993,
                                                   49.83795550900004),
                                               (   -119.62544882199991,
                                                   49.838606405000064),
                                               (   -119.6254498699999,
                                                   49.83893029800004),
                                               (   -119.62545660799994,
                                                   49.84094080500006),
                                               (   -119.6254571689999,
                                                   49.84100833800005),
                                               (   -119.6254602279999,
                                                   49.841350082000076),
                                               (   -119.62546558099992,
                                                   49.84195270400006),
                                               (   -119.62546654199993,
                                                   49.842069139000046),
                                               (   -119.62546706499991,
                                                   49.842141376000086),
                                               (   -119.6254755839999,
                                                   49.84350649300006),
                                               (   -119.62547713399994,
                                                   49.84375372200009),
                                               (   -119.62538665599993,
                                                   49.844051741000044),
                                               (   -119.6252975349999,
                                                   49.84420873900007),
                                               (   -119.62525520799994,
                                                   49.84428332300007),
                                               (   -119.62522437199992,
                                                   49.844310680000035),
                                               (   -119.62494463299991,
                                                   49.84455863800008),
                                               (   -119.6241371569999,
                                                   49.845093829000064),
                                               (   -119.62316852999994,
                                                   49.844646941000065),
                                               (   -119.62283503799989,
                                                   49.84449308500007),
                                               (   -119.62264405599991,
                                                   49.84440495600006),
                                               (   -119.62261039199991,
                                                   49.84438943200007),
                                               (   -119.62204849999988,
                                                   49.84413018100009),
                                               (   -119.62074241999996,
                                                   49.84352755300006),
                                               (   -119.6203046039999,
                                                   49.84338459800006),
                                               (   -119.61981436399992,
                                                   49.84329722800004),
                                               (   -119.61939391999995,
                                                   49.84327988200005),
                                               (   -119.61894276499994,
                                                   49.84331220000007),
                                               (   -119.61869776599991,
                                                   49.843347066000035),
                                               (   -119.6169776489999,
                                                   49.84359182900005),
                                               (   -119.61656359999989,
                                                   49.84355858300006),
                                               (   -119.61651769499991,
                                                   49.843545895000034),
                                               (   -119.61568751899989,
                                                   49.84331593700006),
                                               (   -119.61523810499995,
                                                   49.84328601300007),
                                               (   -119.61476481199993,
                                                   49.84332694600005),
                                               (   -119.61364713699993,
                                                   49.843634449000035),
                                               (   -119.61214008899991,
                                                   49.844311022000056),
                                               (   -119.61066726399991,
                                                   49.844702449000074),
                                               (   -119.6106175459999,
                                                   49.84470862100005),
                                               (   -119.61011319499994,
                                                   49.84477131300008),
                                               (   -119.60940308699992,
                                                   49.84485957100009),
                                               (   -119.60877087699993,
                                                   49.84498868400004),
                                               (   -119.60688745099992,
                                                   49.84551129700009),
                                               (   -119.60668104299992,
                                                   49.84477237100003),
                                               (   -119.60675691599994,
                                                   49.84454926400008),
                                               (   -119.60692934999993,
                                                   49.84434447800004),
                                               (   -119.60814330799991,
                                                   49.84344499900004),
                                               (   -119.60904986799996,
                                                   49.84277322700007),
                                               (   -119.6118031229999,
                                                   49.84073291000004),
                                               (   -119.61059163499993,
                                                   49.84003535600005)]],
                        'type': 'Polygon'},
        'id': '2',
        'properties': OrderedDict([(u'DAUID', u'59350367'), (u'CDUID', u'5935'), (u'CDNAME', u'Central Okanagan'), (u'CDTYPE', u'RD'), (u'CSDUID', u'5935802'), (u'CSDNAME', u'Tsinstikeptum  9'), (u'CSDTYPE', u'IRI'), (u'CCSUID', u'5935020'), (u'CCSNAME', u'Central Okanagan J'), (u'ERUID', u'5930'), (u'ERNAME', u'Thompson--Okanagan'), (u'CMAPUID', u'59915'), (u'CMAUID', u'915'), (u'CMANAME', u'Kelowna'), (u'CMATYPE', u'B'), (u'SACCODE', u'915'), (u'SACTYPE', u'1'), (u'CTUID', u'9150102.04'), (u'CTNAME', u'0102.04'), (u'PRUID', u'59'), (u'PRNAME', u'British Columbia / Colombie-Britannique')]),
        'type': 'Feature'},
    {   'geometry': {   'coordinates': [   [   (   -119.59797521199995,
                                                   49.827743840000046),
                                               (   -119.5981533069999,
                                                   49.822041797000054),
                                               (   -119.5986848959999,
                                                   49.82204701100005),
                                               (   -119.59904500199991,
                                                   49.822135949000085),
                                               (   -119.59934808699991,
                                                   49.822210805000054),
                                               (   -119.60035338899992,
                                                   49.82231479300003),
                                               (   -119.60125369699995,
                                                   49.82225919100006),
                                               (   -119.60154827599992,
                                                   49.82229629500006),
                                               (   -119.6021892199999,
                                                   49.82253623100007),
                                               (   -119.6032308799999,
                                                   49.82292619500004),
                                               (   -119.60359130699993,
                                                   49.82306110800005),
                                               (   -119.60462795399991,
                                                   49.823385742000085),
                                               (   -119.60640659099994,
                                                   49.823942713000065),
                                               (   -119.60690538599994,
                                                   49.824085567000054),
                                               (   -119.60748067899993,
                                                   49.824250300000074),
                                               (   -119.60852737099991,
                                                   49.82442095200009),
                                               (   -119.6085460939999,
                                                   49.82442400500008),
                                               (   -119.60887175999996,
                                                   49.82444461300008),
                                               (   -119.61033052699992,
                                                   49.82454674300004),
                                               (   -119.61218087099992,
                                                   49.82449463000006),
                                               (   -119.6140140789999,
                                                   49.824165134000054),
                                               (   -119.61374528099994,
                                                   49.824536195000064),
                                               (   -119.61096009399989,
                                                   49.824949175000086),
                                               (   -119.60904903499994,
                                                   49.82522639100006),
                                               (   -119.60866519499992,
                                                   49.82528217300006),
                                               (   -119.60832275599991,
                                                   49.82533192200003),
                                               (   -119.60670241299994,
                                                   49.82564509400004),
                                               (   -119.60592069799992,
                                                   49.825797934000036),
                                               (   -119.60512998399992,
                                                   49.826144352000085),
                                               (   -119.60501330299991,
                                                   49.826195648000066),
                                               (   -119.60455017299991,
                                                   49.82639929100009),
                                               (   -119.60404286499995,
                                                   49.82650500600005),
                                               (   -119.60293116899992,
                                                   49.82650302700006),
                                               (   -119.6025798369999,
                                                   49.82654110400006),
                                               (   -119.60214275499993,
                                                   49.82667348400009),
                                               (   -119.60186452099992,
                                                   49.82679712500004),
                                               (   -119.60173197699993,
                                                   49.826896806000036),
                                               (   -119.60060449999993,
                                                   49.827445571000055),
                                               (   -119.60007558299993,
                                                   49.82764814600006),
                                               (   -119.6000442589999,
                                                   49.82766011700005),
                                               (   -119.59986681499993,
                                                   49.82773187900006),
                                               (   -119.59940305799991,
                                                   49.82792498600009),
                                               (   -119.59901552299995,
                                                   49.827763194000056),
                                               (   -119.59896670799992,
                                                   49.82773324600004),
                                               (   -119.59882981899995,
                                                   49.82773422100007),
                                               (   -119.59797521199995,
                                                   49.827743840000046)]],
                        'type': 'Polygon'},
        'id': '3',
        'properties': OrderedDict([(u'DAUID', u'59350321'), (u'CDUID', u'5935'), (u'CDNAME', u'Central Okanagan'), (u'CDTYPE', u'RD'), (u'CSDUID', u'5935802'), (u'CSDNAME', u'Tsinstikeptum  9'), (u'CSDTYPE', u'IRI'), (u'CCSUID', u'5935020'), (u'CCSNAME', u'Central Okanagan J'), (u'ERUID', u'5930'), (u'ERNAME', u'Thompson--Okanagan'), (u'CMAPUID', u'59915'), (u'CMAUID', u'915'), (u'CMANAME', u'Kelowna'), (u'CMATYPE', u'B'), (u'SACCODE', u'915'), (u'SACTYPE', u'1'), (u'CTUID', u'9150102.04'), (u'CTNAME', u'0102.04'), (u'PRUID', u'59'), (u'PRNAME', u'British Columbia / Colombie-Britannique')]),
        'type': 'Feature'},
    {   'geometry': {   'coordinates': [   [   (   -119.60194939399993,
                                                   49.839063982000084),
                                               (   -119.60192869899993,
                                                   49.837600302000055),
                                               (   -119.60189861399994,
                                                   49.835470946000044),
                                               (   -119.60190372599993,
                                                   49.83522923600003),
                                               (   -119.60167658099994,
                                                   49.834696731000065),
                                               (   -119.60024660599993,
                                                   49.83353260600006),
                                               (   -119.59912926099992,
                                                   49.83222950000004),
                                               (   -119.59861057199993,
                                                   49.83204541400005),
                                               (   -119.59837027699992,
                                                   49.831960138000056),
                                               (   -119.59800086399991,
                                                   49.83160888200007),
                                               (   -119.59766627799992,
                                                   49.83141770000009),
                                               (   -119.5974402139999,
                                                   49.83117869000006),
                                               (   -119.59720780499993,
                                                   49.83102508500008),
                                               (   -119.59639962499993,
                                                   49.83073836500006),
                                               (   -119.59592084299993,
                                                   49.83057033600005),
                                               (   -119.59588334499995,
                                                   49.83062817200005),
                                               (   -119.59580516799991,
                                                   49.830748638000046),
                                               (   -119.59579602499991,
                                                   49.83075571400008),
                                               (   -119.59553119599991,
                                                   49.830960994000066),
                                               (   -119.59514817099989,
                                                   49.83121482200006),
                                               (   -119.59464976899993,
                                                   49.831376058000046),
                                               (   -119.59408740199989,
                                                   49.83150559400008),
                                               (   -119.59378899899991,
                                                   49.83150431100006),
                                               (   -119.59320166299996,
                                                   49.83150323700005),
                                               (   -119.5918120639999,
                                                   49.831492065000084),
                                               (   -119.59134850099991,
                                                   49.83142844700007),
                                               (   -119.59091326999992,
                                                   49.831368713000074),
                                               (   -119.58941904799993,
                                                   49.83116366600007),
                                               (   -119.58901718999995,
                                                   49.831109678000075),
                                               (   -119.58876168199993,
                                                   49.83107536000006),
                                               (   -119.58889510999988,
                                                   49.830681376000086),
                                               (   -119.59261511399991,
                                                   49.83106554200003),
                                               (   -119.59261125699992,
                                                   49.83034961100009),
                                               (   -119.59259088399993,
                                                   49.83002526000007),
                                               (   -119.59259030599992,
                                                   49.83001255700003),
                                               (   -119.59242500899988,
                                                   49.827810011000054),
                                               (   -119.59319096199994,
                                                   49.827798699000084),
                                               (   -119.5932991219999,
                                                   49.82779737800007),
                                               (   -119.59340134399991,
                                                   49.827796111000055),
                                               (   -119.59382691999993,
                                                   49.827790905000086),
                                               (   -119.59474968099995,
                                                   49.82778040000005),
                                               (   -119.59565325699991,
                                                   49.82777009500006),
                                               (   -119.59608414799995,
                                                   49.827765182000064),
                                               (   -119.5965701689999,
                                                   49.82775962900007),
                                               (   -119.59747378999994,
                                                   49.827749493000056),
                                               (   -119.59797521199995,
                                                   49.827743840000046),
                                               (   -119.59882981899995,
                                                   49.82773422100007),
                                               (   -119.59896670799992,
                                                   49.82773324600004),
                                               (   -119.59901552299995,
                                                   49.827763194000056),
                                               (   -119.59940305799991,
                                                   49.82792498600009),
                                               (   -119.59986681499993,
                                                   49.82773187900006),
                                               (   -119.6000442589999,
                                                   49.82766011700005),
                                               (   -119.60007558299993,
                                                   49.82764814600006),
                                               (   -119.60060449999993,
                                                   49.827445571000055),
                                               (   -119.60173197699993,
                                                   49.826896806000036),
                                               (   -119.60186452099992,
                                                   49.82679712500004),
                                               (   -119.60214275499993,
                                                   49.82667348400009),
                                               (   -119.6025798369999,
                                                   49.82654110400006),
                                               (   -119.60293116899992,
                                                   49.82650302700006),
                                               (   -119.60404286499995,
                                                   49.82650500600005),
                                               (   -119.60455017299991,
                                                   49.82639929100009),
                                               (   -119.60501330299991,
                                                   49.826195648000066),
                                               (   -119.60512998399992,
                                                   49.826144352000085),
                                               (   -119.60592069799992,
                                                   49.825797934000036),
                                               (   -119.60670241299994,
                                                   49.82564509400004),
                                               (   -119.60832275599991,
                                                   49.82533192200003),
                                               (   -119.60866519499992,
                                                   49.82528217300006),
                                               (   -119.60904903499994,
                                                   49.82522639100006),
                                               (   -119.60899368899993,
                                                   49.82558983600006),
                                               (   -119.60889239199992,
                                                   49.826030649000074),
                                               (   -119.60887867799994,
                                                   49.82727434900006),
                                               (   -119.60887636299994,
                                                   49.827574897000034),
                                               (   -119.60881785899996,
                                                   49.82812025100009),
                                               (   -119.60938339099994,
                                                   49.83119253400009),
                                               (   -119.61024320799994,
                                                   49.83115451200007),
                                               (   -119.61992068699995,
                                                   49.83072589300008),
                                               (   -119.62042308799995,
                                                   49.83085472400006),
                                               (   -119.62098025699993,
                                                   49.83087300700004),
                                               (   -119.62181106399994,
                                                   49.83090026800005),
                                               (   -119.62250514999994,
                                                   49.83106418700004),
                                               (   -119.62267118499996,
                                                   49.83110340800005),
                                               (   -119.6215243339999,
                                                   49.83195828300006),
                                               (   -119.62106659299992,
                                                   49.832299452000086),
                                               (   -119.62055111699993,
                                                   49.832683650000035),
                                               (   -119.62050328899996,
                                                   49.832719316000066),
                                               (   -119.61983019599991,
                                                   49.833216898000046),
                                               (   -119.61970168599993,
                                                   49.83331192700007),
                                               (   -119.61612286699994,
                                                   49.83595738100007),
                                               (   -119.61579265499988,
                                                   49.83620352400004),
                                               (   -119.61567579999992,
                                                   49.83629059300006),
                                               (   -119.61518106499994,
                                                   49.836655319000045),
                                               (   -119.61059163499993,
                                                   49.84003535600005),
                                               (   -119.6104842329999,
                                                   49.839974905000076),
                                               (   -119.60994799099991,
                                                   49.83966809400005),
                                               (   -119.60961881399993,
                                                   49.83950706600007),
                                               (   -119.60930164699994,
                                                   49.839380144000074),
                                               (   -119.60888244599994,
                                                   49.83928426500006),
                                               (   -119.60854469699989,
                                                   49.839254554000036),
                                               (   -119.60756420999992,
                                                   49.839226249000035),
                                               (   -119.60194939399993,
                                                   49.839063982000084)]],
                        'type': 'Polygon'},
        'id': '4',
        'properties': OrderedDict([(u'DAUID', u'59350358'), (u'CDUID', u'5935'), (u'CDNAME', u'Central Okanagan'), (u'CDTYPE', u'RD'), (u'CSDUID', u'5935802'), (u'CSDNAME', u'Tsinstikeptum  9'), (u'CSDTYPE', u'IRI'), (u'CCSUID', u'5935020'), (u'CCSNAME', u'Central Okanagan J'), (u'ERUID', u'5930'), (u'ERNAME', u'Thompson--Okanagan'), (u'CMAPUID', u'59915'), (u'CMAUID', u'915'), (u'CMANAME', u'Kelowna'), (u'CMATYPE', u'B'), (u'SACCODE', u'915'), (u'SACTYPE', u'1'), (u'CTUID', u'9150102.04'), (u'CTNAME', u'0102.04'), (u'PRUID', u'59'), (u'PRNAME', u'British Columbia / Colombie-Britannique')]),
        'type': 'Feature'},
    {   'geometry': {   'coordinates': [   [   (   -119.60511403599992,
                                                   49.848160385000085),
                                               (   -119.60537327799996,
                                                   49.847651220000046),
                                               (   -119.60567071099992,
                                                   49.847067001000084),
                                               (   -119.60645291899993,
                                                   49.84553043500006),
                                               (   -119.60664774099989,
                                                   49.845521845000064),
                                               (   -119.60688745099992,
                                                   49.84551129700009),
                                               (   -119.60877087699993,
                                                   49.84498868400004),
                                               (   -119.60940308699992,
                                                   49.84485957100009),
                                               (   -119.61011319499994,
                                                   49.84477131300008),
                                               (   -119.6106175459999,
                                                   49.84470862100005),
                                               (   -119.61066726399991,
                                                   49.844702449000074),
                                               (   -119.61214008899991,
                                                   49.844311022000056),
                                               (   -119.61364713699993,
                                                   49.843634449000035),
                                               (   -119.61476481199993,
                                                   49.84332694600005),
                                               (   -119.61523810499995,
                                                   49.84328601300007),
                                               (   -119.61568751899989,
                                                   49.84331593700006),
                                               (   -119.61651769499991,
                                                   49.843545895000034),
                                               (   -119.61656359999989,
                                                   49.84355858300006),
                                               (   -119.6169776489999,
                                                   49.84359182900005),
                                               (   -119.61869776599991,
                                                   49.843347066000035),
                                               (   -119.61894276499994,
                                                   49.84331220000007),
                                               (   -119.61939391999995,
                                                   49.84327988200005),
                                               (   -119.61981436399992,
                                                   49.84329722800004),
                                               (   -119.6203046039999,
                                                   49.84338459800006),
                                               (   -119.62074241999996,
                                                   49.84352755300006),
                                               (   -119.62204849999988,
                                                   49.84413018100009),
                                               (   -119.62261039199991,
                                                   49.84438943200007),
                                               (   -119.62264405599991,
                                                   49.84440495600006),
                                               (   -119.62283503799989,
                                                   49.84449308500007),
                                               (   -119.62316852999994,
                                                   49.844646941000065),
                                               (   -119.6241371569999,
                                                   49.845093829000064),
                                               (   -119.62494463299991,
                                                   49.84455863800008),
                                               (   -119.62522437199992,
                                                   49.844310680000035),
                                               (   -119.62525520799994,
                                                   49.84428332300007),
                                               (   -119.6252975349999,
                                                   49.84420873900007),
                                               (   -119.62538665599993,
                                                   49.844051741000044),
                                               (   -119.62538347199988,
                                                   49.84411591200006),
                                               (   -119.62519415799994,
                                                   49.84792860400006),
                                               (   -119.62108579699994,
                                                   49.84799076200005),
                                               (   -119.62105594199993,
                                                   49.847990949000064),
                                               (   -119.6194022919999,
                                                   49.848010539000086),
                                               (   -119.61648601699996,
                                                   49.847986312000046),
                                               (   -119.61573664599992,
                                                   49.84797936100006),
                                               (   -119.61069935599996,
                                                   49.84798489900004),
                                               (   -119.6071779159999,
                                                   49.848101056000075),
                                               (   -119.6062701059999,
                                                   49.84813097700004),
                                               (   -119.60545004999993,
                                                   49.848158013000045),
                                               (   -119.60510955799994,
                                                   49.84816924000006),
                                               (   -119.60511403599992,
                                                   49.848160385000085)]],
                        'type': 'Polygon'},
        'id': '5',
        'properties': OrderedDict([(u'DAUID', u'59350310'), (u'CDUID', u'5935'), (u'CDNAME', u'Central Okanagan'), (u'CDTYPE', u'RD'), (u'CSDUID', u'5935802'), (u'CSDNAME', u'Tsinstikeptum  9'), (u'CSDTYPE', u'IRI'), (u'CCSUID', u'5935020'), (u'CCSNAME', u'Central Okanagan J'), (u'ERUID', u'5930'), (u'ERNAME', u'Thompson--Okanagan'), (u'CMAPUID', u'59915'), (u'CMAUID', u'915'), (u'CMANAME', u'Kelowna'), (u'CMATYPE', u'B'), (u'SACCODE', u'915'), (u'SACTYPE', u'1'), (u'CTUID', u'9150102.04'), (u'CTNAME', u'0102.04'), (u'PRUID', u'59'), (u'PRNAME', u'British Columbia / Colombie-Britannique')]),
        'type': 'Feature'},
    {   'geometry': {   'coordinates': [   [   (   -119.6254357909999,
                                                   49.837172441000064),
                                               (   -119.62544290099993,
                                                   49.83795550900004),
                                               (   -119.62486301699994,
                                                   49.83827229000008),
                                               (   -119.62427430399993,
                                                   49.838609699000074),
                                               (   -119.6235195679999,
                                                   49.83893618800005),
                                               (   -119.62265656799993,
                                                   49.83931454200007),
                                               (   -119.62293980999993,
                                                   49.839704898000036),
                                               (   -119.62326371099994,
                                                   49.84000371800005),
                                               (   -119.62396421599993,
                                                   49.84066405400006),
                                               (   -119.62281411499993,
                                                   49.84157467300008),
                                               (   -119.6220680969999,
                                                   49.84127014200004),
                                               (   -119.62178995499995,
                                                   49.84089362600008),
                                               (   -119.62128195799993,
                                                   49.841053542000054),
                                               (   -119.62118947399996,
                                                   49.841066193000074),
                                               (   -119.62107691199992,
                                                   49.84103252400008),
                                               (   -119.62026189699993,
                                                   49.84016323600008),
                                               (   -119.6201805359999,
                                                   49.84001265100005),
                                               (   -119.61997887399991,
                                                   49.83962771700004),
                                               (   -119.61987674599992,
                                                   49.839133325000034),
                                               (   -119.61984493499996,
                                                   49.83849901900004),
                                               (   -119.61984757499994,
                                                   49.837937009000086),
                                               (   -119.61983461499993,
                                                   49.83768305700005),
                                               (   -119.61986192299992,
                                                   49.83768642200005),
                                               (   -119.62016699399993,
                                                   49.83774101700004),
                                               (   -119.6206080309999,
                                                   49.83782315800005),
                                               (   -119.62096395299993,
                                                   49.837891815000035),
                                               (   -119.62107646399994,
                                                   49.83788469400008),
                                               (   -119.62156296599993,
                                                   49.837828552000076),
                                               (   -119.62193742799991,
                                                   49.83778188800005),
                                               (   -119.62217334999993,
                                                   49.83775343800005),
                                               (   -119.62231384999991,
                                                   49.837726785000086),
                                               (   -119.62286565199992,
                                                   49.837663649000035),
                                               (   -119.6230260929999,
                                                   49.837648922000085),
                                               (   -119.62330240099992,
                                                   49.837760066000044),
                                               (   -119.62337548199991,
                                                   49.837782949000086),
                                               (   -119.62365414999994,
                                                   49.837726957000086),
                                               (   -119.62415852699992,
                                                   49.83762847300005),
                                               (   -119.62469850299993,
                                                   49.837456692000046),
                                               (   -119.62497261899993,
                                                   49.83735421400007),
                                               (   -119.6252954329999,
                                                   49.83722501800008),
                                               (   -119.6254357909999,
                                                   49.837172441000064)]],
                        'type': 'Polygon'},
        'id': '6',
        'properties': OrderedDict([(u'DAUID', u'59350366'), (u'CDUID', u'5935'), (u'CDNAME', u'Central Okanagan'), (u'CDTYPE', u'RD'), (u'CSDUID', u'5935802'), (u'CSDNAME', u'Tsinstikeptum  9'), (u'CSDTYPE', u'IRI'), (u'CCSUID', u'5935020'), (u'CCSNAME', u'Central Okanagan J'), (u'ERUID', u'5930'), (u'ERNAME', u'Thompson--Okanagan'), (u'CMAPUID', u'59915'), (u'CMAUID', u'915'), (u'CMANAME', u'Kelowna'), (u'CMATYPE', u'B'), (u'SACCODE', u'915'), (u'SACTYPE', u'1'), (u'CTUID', u'9150102.04'), (u'CTNAME', u'0102.04'), (u'PRUID', u'59'), (u'PRNAME', u'British Columbia / Colombie-Britannique')]),
        'type': 'Feature'},
    {   'geometry': {   'coordinates': [   [   (   -119.60194939399993,
                                                   49.839063982000084),
                                               (   -119.60756420999992,
                                                   49.839226249000035),
                                               (   -119.60854469699989,
                                                   49.839254554000036),
                                               (   -119.60888244599994,
                                                   49.83928426500006),
                                               (   -119.60930164699994,
                                                   49.839380144000074),
                                               (   -119.60961881399993,
                                                   49.83950706600007),
                                               (   -119.60994799099991,
                                                   49.83966809400005),
                                               (   -119.6104842329999,
                                                   49.839974905000076),
                                               (   -119.61059163499993,
                                                   49.84003535600005),
                                               (   -119.6118031229999,
                                                   49.84073291000004),
                                               (   -119.60904986799996,
                                                   49.84277322700007),
                                               (   -119.60814330799991,
                                                   49.84344499900004),
                                               (   -119.60692934999993,
                                                   49.84434447800004),
                                               (   -119.60675691599994,
                                                   49.84454926400008),
                                               (   -119.60668104299992,
                                                   49.84477237100003),
                                               (   -119.60688745099992,
                                                   49.84551129700009),
                                               (   -119.60664774099989,
                                                   49.845521845000064),
                                               (   -119.60645291899993,
                                                   49.84553043500006),
                                               (   -119.60567071099992,
                                                   49.847067001000084),
                                               (   -119.60537327799996,
                                                   49.847651220000046),
                                               (   -119.60511403599992,
                                                   49.848160385000085),
                                               (   -119.60400017599994,
                                                   49.84816824600006),
                                               (   -119.60356546399994,
                                                   49.84817251900006),
                                               (   -119.6035514969999,
                                                   49.84817266200008),
                                               (   -119.60229107899993,
                                                   49.848180427000045),
                                               (   -119.60212286399991,
                                                   49.84818147100003),
                                               (   -119.60115118499992,
                                                   49.84818745700005),
                                               (   -119.60011129499993,
                                                   49.84819957000008),
                                               (   -119.60085760999992,
                                                   49.84944678100004),
                                               (   -119.60062088899991,
                                                   49.852439357000044),
                                               (   -119.60060175199995,
                                                   49.853215195000075),
                                               (   -119.60079233999994,
                                                   49.85403737000007),
                                               (   -119.60078125999992,
                                                   49.854494094000074),
                                               (   -119.60076152799991,
                                                   49.85668700300005),
                                               (   -119.5963386339999,
                                                   49.856656978000046),
                                               (   -119.59484980899994,
                                                   49.85671084300009),
                                               (   -119.59464285099995,
                                                   49.856718329000046),
                                               (   -119.59485056599995,
                                                   49.85651641100009),
                                               (   -119.5951733469999,
                                                   49.85620577800007),
                                               (   -119.59508092399994,
                                                   49.85616734300004),
                                               (   -119.59472881099992,
                                                   49.85602078800009),
                                               (   -119.5944402049999,
                                                   49.85590249900008),
                                               (   -119.59424033099994,
                                                   49.855820573000074),
                                               (   -119.5949427249999,
                                                   49.85531189100004),
                                               (   -119.59513848399992,
                                                   49.85525725600007),
                                               (   -119.59556019299991,
                                                   49.855139601000076),
                                               (   -119.59572689299989,
                                                   49.85504640800008),
                                               (   -119.59587921099988,
                                                   49.85490640200004),
                                               (   -119.59627579199991,
                                                   49.85424789800004),
                                               (   -119.59630513899992,
                                                   49.85418976200003),
                                               (   -119.59651281099991,
                                                   49.85377812100006),
                                               (   -119.59693436099991,
                                                   49.852942477000056),
                                               (   -119.59713630899988,
                                                   49.85254219500007),
                                               (   -119.59629419999993,
                                                   49.851779683000075),
                                               (   -119.59503933799994,
                                                   49.85067465800006),
                                               (   -119.59495172999995,
                                                   49.84988862400008),
                                               (   -119.59605450599993,
                                                   49.84865939700006),
                                               (   -119.59610100299994,
                                                   49.84852669900005),
                                               (   -119.59629119999995,
                                                   49.84833470800004),
                                               (   -119.59665469399995,
                                                   49.84763368300009),
                                               (   -119.59681440599991,
                                                   49.84719159800005),
                                               (   -119.59688711899992,
                                                   49.847060327000065),
                                               (   -119.59710598999993,
                                                   49.84666515300006),
                                               (   -119.5974866529999,
                                                   49.84578186200008),
                                               (   -119.5978556959999,
                                                   49.845170554000056),
                                               (   -119.5980230699999,
                                                   49.844990549000045),
                                               (   -119.59839246299993,
                                                   49.84459326000007),
                                               (   -119.59849178999991,
                                                   49.84448643400003),
                                               (   -119.59990865499992,
                                                   49.843120346000035),
                                               (   -119.60073077399994,
                                                   49.84238301600004),
                                               (   -119.60089937499993,
                                                   49.842152025000075),
                                               (   -119.60102783099988,
                                                   49.841976060000036),
                                               (   -119.6011828629999,
                                                   49.84164655400008),
                                               (   -119.60194852799992,
                                                   49.83946845500009),
                                               (   -119.60194939399993,
                                                   49.839063982000084)]],
                        'type': 'Polygon'},
        'id': '7',
        'properties': OrderedDict([(u'DAUID', u'59350364'), (u'CDUID', u'5935'), (u'CDNAME', u'Central Okanagan'), (u'CDTYPE', u'RD'), (u'CSDUID', u'5935802'), (u'CSDNAME', u'Tsinstikeptum  9'), (u'CSDTYPE', u'IRI'), (u'CCSUID', u'5935020'), (u'CCSNAME', u'Central Okanagan J'), (u'ERUID', u'5930'), (u'ERNAME', u'Thompson--Okanagan'), (u'CMAPUID', u'59915'), (u'CMAUID', u'915'), (u'CMANAME', u'Kelowna'), (u'CMATYPE', u'B'), (u'SACCODE', u'915'), (u'SACTYPE', u'1'), (u'CTUID', u'9150102.04'), (u'CTNAME', u'0102.04'), (u'PRUID', u'59'), (u'PRNAME', u'British Columbia / Colombie-Britannique')]),
        'type': 'Feature'},
    {   'geometry': {   'coordinates': [   [   (   -119.61788791199992,
                                                   49.82399311000006),
                                               (   -119.62166712899996,
                                                   49.824041812000075),
                                               (   -119.62161747899991,
                                                   49.82435697800008),
                                               (   -119.62529936299988,
                                                   49.82450554500008),
                                               (   -119.62529008299992,
                                                   49.82616400100005),
                                               (   -119.62529591499992,
                                                   49.82634034600005),
                                               (   -119.62531227499994,
                                                   49.82683463900008),
                                               (   -119.62534540199992,
                                                   49.82783769200006),
                                               (   -119.62536551199993,
                                                   49.82843466700007),
                                               (   -119.62537388499995,
                                                   49.82868360500004),
                                               (   -119.62412088699996,
                                                   49.82871421500005),
                                               (   -119.6237962749999,
                                                   49.82874041200006),
                                               (   -119.62361762199993,
                                                   49.82878214100003),
                                               (   -119.62357998799992,
                                                   49.82879090700004),
                                               (   -119.62325837299996,
                                                   49.828925637000054),
                                               (   -119.62307527099996,
                                                   49.829057644000045),
                                               (   -119.62288670499991,
                                                   49.82925962400009),
                                               (   -119.62277641399993,
                                                   49.82943019900006),
                                               (   -119.62272461299996,
                                                   49.829651055000056),
                                               (   -119.62236661399993,
                                                   49.829586807000055),
                                               (   -119.62224693199994,
                                                   49.82959590000008),
                                               (   -119.62191679599995,
                                                   49.82962102500005),
                                               (   -119.62172920899991,
                                                   49.82963530500007),
                                               (   -119.6212645849999,
                                                   49.82976525600009),
                                               (   -119.62009628599992,
                                                   49.82835969800004),
                                               (   -119.61979268199991,
                                                   49.82799613700007),
                                               (   -119.61940685599988,
                                                   49.82770178900006),
                                               (   -119.61870089199994,
                                                   49.82737023700008),
                                               (   -119.61865138799993,
                                                   49.82734698500008),
                                               (   -119.61818115399991,
                                                   49.82713709500007),
                                               (   -119.61796507799993,
                                                   49.82698627500009),
                                               (   -119.61778228599991,
                                                   49.826776996000035),
                                               (   -119.61767049799994,
                                                   49.82650860100006),
                                               (   -119.61766391499992,
                                                   49.82624628700006),
                                               (   -119.61786200199991,
                                                   49.82578659100005),
                                               (   -119.6178892879999,
                                                   49.82559139400007),
                                               (   -119.6177406889999,
                                                   49.82510679500007),
                                               (   -119.61786065199995,
                                                   49.824550542000054),
                                               (   -119.61789511599996,
                                                   49.824390796000046),
                                               (   -119.61789024199993,
                                                   49.82412299200007),
                                               (   -119.61788791199992,
                                                   49.82399311000006)],
                                           [   (   -119.62227900599991,
                                                   49.827857968000046),
                                               (   -119.62261249199992,
                                                   49.82803406900007),
                                               (   -119.6248495609999,
                                                   49.82802710100003),
                                               (   -119.62480895399995,
                                                   49.826293132000046),
                                               (   -119.6222304399999,
                                                   49.82617414400005),
                                               (   -119.62227900599991,
                                                   49.827857968000046)]],
                        'type': 'Polygon'},
        'id': '8',
        'properties': OrderedDict([(u'DAUID', u'59350317'), (u'CDUID', u'5935'), (u'CDNAME', u'Central Okanagan'), (u'CDTYPE', u'RD'), (u'CSDUID', u'5935802'), (u'CSDNAME', u'Tsinstikeptum  9'), (u'CSDTYPE', u'IRI'), (u'CCSUID', u'5935020'), (u'CCSNAME', u'Central Okanagan J'), (u'ERUID', u'5930'), (u'ERNAME', u'Thompson--Okanagan'), (u'CMAPUID', u'59915'), (u'CMAUID', u'915'), (u'CMANAME', u'Kelowna'), (u'CMATYPE', u'B'), (u'SACCODE', u'915'), (u'SACTYPE', u'1'), (u'CTUID', u'9150102.04'), (u'CTNAME', u'0102.04'), (u'PRUID', u'59'), (u'PRNAME', u'British Columbia / Colombie-Britannique')]),
        'type': 'Feature'}]
